-1001572887725 9978
-1001464324325 9612
-1001484736823 118716
-1001181257805 496712
-1001401533331 224384
-1001401533331 224388
-1001401533331 224389
-1001401533331 224390
-1001401533331 224391
-1001401533331 224392
-1001401533331 224393
-1001401533331 224394
-1001401533331 224395
-1001377333908 485613
-1001481906009 48415
-1001220007365 194665
-1001388742323 6187
-1001572887725 9980
-1001199092676 437309
-1001401533331 224399
-1001460334163 15821
-1001260031641 169330
-1001401533331 224400
-1001742331684 6377
-1001401533331 224407
-1001377333908 485625
-1001401533331 224420
-1001460334163 15823
-1001401533331 224421
-1001281222737 385238
-1001166839324 333580
-1001181257805 496719
-1001181257805 496720
-1001181257805 496721
-1001181257805 496722
-1001181257805 496723
-1001181257805 496725
-1001181257805 496724
-1001484736823 118722
-1001041938696 1921227
-1001181257805 496739
-1001484736823 118724
-1001130842788 431849
-1001041938696 1921229
-1001041938696 1921232
-1001041938696 1921234
-1001220007365 194677
-1001572887725 9986
-1001481906009 48416
-1001041938696 1921241
-1001460334163 15825
-1001041938696 1921244
-1001041938696 1921246
-1001640626380 7252
-1001220007365 194678
-1001640626380 7260
-1001401533331 224422
-1001041938696 1921249
-1001041938696 1921249
-1001640626380 7274
-1001640626380 7275
-1001041938696 1921253
-1001041938696 1921254
-1001281222737 385240
-1001281222737 385241
-1001199092676 437311
-1001199092676 437312
-1001130842788 431850
-1001130842788 431851
-1001156012214 103463
-1001156012214 103464
-1001460334163 15826
-1001260031641 169342
-1001200487146 45771
-1001199092676 437313
-1001156012214 103465
-1001041938696 1921255
-1001153106099 113930
-1001041938696 1921258
-1001130842788 431855
-1001041938696 1921293
-1001138399875 329942
-1001041938696 1921303
-1001041938696 1921304
-1001264014377 584552
-1001260031641 169343
-1001260031641 169344
-1001260031641 169345
-1001377333908 485630
-1001377333908 485631
-1001377333908 485632
-1001264014377 584556
-1001247555941 89540
-1001742331684 6384
-1001138399875 329943
-1001199092676 437314
-1001153106099 113931
-1001377333908 485634
-1001166839324 333630
-1001166839324 333631
-1001166839324 333635
-1001166839324 333681
-1001260031641 169347
-1001401533331 224460
-1001041938696 1921401
-1001041938696 1921404
-1001264014377 584557
-1001166839324 333710
-1001166839324 333711
-1001166839324 333725
-1001130842788 431858
-1001041938696 1921425
-1001281222737 385242
-1001220007365 194733
-1001153106099 113932
-1001401533331 224464
-1001181257805 496779
-1001041938696 1921433
-1001247555941 89542
-1001153106099 113933
-1001041938696 1921434
-1001041938696 1921435
-1001401533331 224466
-1001166839324 333779
-1001401533331 224468
-1001401533331 224469
-1001401533331 224471
-1001401533331 224470
-1001401533331 224472
-1001401533331 224473
-1001484736823 118746
-1001130842788 431860
-1001640626380 7311
-1001264014377 584606
-1001484736823 118853
-1001401533331 224474
-1001264014377 584607
-1001264014377 584608
-1001401533331 224477
-1001220007365 194888
-1001041938696 1921438
-1001401533331 224480
-1001484736823 118907
-1001181257805 496789
-1001220007365 194986
-1001220007365 194987
-1001220007365 194988
-1001220007365 194989
-1001401533331 224481
-1001264014377 584609
-1001401533331 224485
-1001153106099 113934
-1001377333908 485636
-1001220007365 195062
-1001181257805 496790
-1001742331684 6414
-1001742331684 6446
-1001401533331 224494
-1001181257805 496794
-1001041938696 1921444
-1001401533331 224495
-1001401533331 224496
-1001401533331 224497
-1001401533331 224498
-1001401533331 224509
-1001438209533 61490
-1001438209533 61491
-1001041938696 1921449
-1001772352996 6813
-1001438209533 61492
-1001041938696 1921459
-1001156012214 103497
-1001130842788 431869
-1001199092676 437342
-1001200487146 45776
-1001460334163 15830
-1001153106099 113936
-1001377333908 485638
-1001138399875 329945
-1001464324325 9645
-1001260031641 169348
-1001264014377 584614
-1001220007365 195106
-1001220007365 195107
-1001377333908 485639
-1001264014377 584616
-1001401533331 224511
-1001401533331 224512
-1001181257805 496798
-1001401533331 224519
-1001640626380 7335
-1001130842788 431870
-1001181257805 496801
-1001388742323 6196
-1001401533331 224520
-1001401533331 224521
-1001401533331 224522
-1001401533331 224523
-1001377333908 485640
-1001264014377 584618
-1001156012214 103515
-1001181257805 496803
-1001264014377 584621
-1001264014377 584622
-1001199092676 437381
-1001264014377 584624
-1001377333908 485641
-1001041938696 1921461
-1001742331684 6454
-1001464324325 9658
-1001260031641 169350
-1001247555941 89544
-1001138399875 329946
-1001153106099 113937
-1001264014377 584634
-1001264014377 584648
-1001264014377 584656
-1001264014377 584661
-1001264014377 584662
-1001264014377 584667
-1001264014377 584694
-1001166839324 333796
-1001041938696 1921462
-1001041938696 1921463
-1001264014377 584697
-1001088660191 330835
-1001401533331 224526
-1001088660191 330837
-1001199092676 437382
-1001572887725 9987
-1001181257805 496805
-1001041938696 1921466
-1001088660191 330842
-1001199092676 437388
-1001041938696 1921477
-1001166839324 333800
-1001572887725 9988
-1001130842788 431871
-1001156012214 103532
-1001199092676 437397
-1001166839324 333813
-1001156012214 103534
-1001199092676 437403
-1001199092676 437404
-1001199092676 437409
-1001199092676 437410
-1001130842788 431872
-1001438209533 61495
-1001438209533 61496
-1001438209533 61497
-1001438209533 61498
-1001438209533 61499
-1001438209533 61500
-1001438209533 61501
-1001438209533 61502
-1001438209533 61503
-1001438209533 61504
-1001438209533 61505
-1001438209533 61506
-1001438209533 61507
-1001438209533 61508
-1001264014377 584718
-1001264014377 584719
-1001484736823 118920
-1001156012214 103573
-1001388742323 6204
-1001130842788 431900
-1001130842788 431902
-1001742331684 6487
-1001264014377 584722
-1001264014377 584723
-1001460334163 15895
-1001264014377 584724
-1001281222737 385251
-1001220007365 195117
-1001484736823 118926
-1001041938696 1921591
-1001156012214 103582
-1001166839324 333815
-1001153106099 113939
-1001742331684 6489
-1001388742323 6219
-1001401533331 224537
-1001484736823 118929
-1001484736823 118934
-1001484736823 118941
-1001484736823 118954
-1001388742323 6227
-1001484736823 118961
-1001484736823 118967
-1001484736823 118973
-1001484736823 118979
-1001041938696 1921631
-1001138399875 329947
-1001088660191 330855
-1001484736823 118980
-1001156012214 103601
-1001220007365 195123
-1001220007365 195124
-1001220007365 195125
-1001181257805 496810
-1001181257805 496811
-1001388742323 6229
-1001388742323 6230
-1001138399875 329949
-1001138399875 329950
-1001388742323 6231
-1001181257805 496840
-1001401533331 224539
-1001181257805 496845
-1001041938696 1921640
-1001130842788 431911
-1001401533331 224540
-1001130842788 431914
-1001181257805 496849
-1001401533331 224541
-1001484736823 118983
-1001181257805 496852
-1001401533331 224542
-1001181257805 496853
-1001460334163 16086
-1001181257805 496856
-1001460334163 16107
-1001401533331 224546
-1001401533331 224547
-1001264014377 584737
-1001772352996 6841
-1001772352996 6842
-1001772352996 6843
-1001181257805 496869
-1001181257805 496870
-1001181257805 496873
-1001199092676 437424
-1001041938696 1921641
-1001401533331 224549
-1001377333908 485642
-1001377333908 485643
-1001377333908 485644
-1001181257805 496886
-1001181257805 496888
-1001156012214 103636
-1001181257805 496892
-1001181257805 496893
-1001181257805 496895
-1001264014377 584742
-1001130842788 431916
-1001181257805 496900
-1001130842788 431917
-1001153106099 113940
-1001130842788 431920
-1001181257805 496903
-1001181257805 496904
-1001156012214 103637
-1001484736823 118996
-1001484736823 119005
-1001281222737 385259
-1001199092676 437429
-1001153106099 113941
-1001484736823 119024
-1001484736823 119025
-1001484736823 119026
-1001484736823 119027
-1001130842788 431931
-1001130842788 431932
-1001281222737 385260
-1001199092676 437430
-1001281222737 385261
-1001199092676 437431
-1001041938696 1921648
-1001156012214 103639
-1001181257805 496913
-1001166839324 333830
-1001041938696 1921650
-1001166839324 333832
-1001401533331 224563
-1001181257805 496915
-1001130842788 431933
-1001130842788 431934
-1001041938696 1921653
-1001041938696 1921654
-1001041938696 1921655
-1001153106099 113943
-1001041938696 1921656
-1001153106099 113944
-1001041938696 1921661
-1001041938696 1921663
-1001156012214 103668
-1001156012214 103669
-1001130842788 431938
-1001153106099 113946
-1001041938696 1921665
-1001130842788 431941
-1001199092676 437432
-1001264014377 584757
-1001264014377 584759
-1001264014377 584760
-1001388742323 6234
-1001377333908 485645
-1001138399875 329953
-1001264014377 584761
-1001401533331 224564
-1001166839324 333854
-1001181257805 496920
-1001130842788 431942
-1001640626380 7347
-1001041938696 1921676
-1001484736823 119049
-1001264014377 584766
-1001181257805 496921
-1001181257805 496923
-1001181257805 496924
-1001181257805 496925
-1001640626380 7352
-1001484736823 119054
-1001438209533 61534
-1001041938696 1921686
-1001377333908 485646
-1001041938696 1921691
-1001264014377 584893
-1001041938696 1921709
-1001088660191 330866
-1001088660191 330867
-1001041938696 1921710
-1001041938696 1921713
-1001156012214 103708
-1001460334163 16116
-1001138399875 329954
-1001200487146 45777
-1001199092676 437433
-1001166839324 333869
-1001264014377 584908
-1001041938696 1921650
-1001156012214 103715
-1001166839324 333876
-1001166839324 333877
-1001264014377 584914
-1001041938696 1921717
-1001772352996 6936
-1001088660191 330872
-1001088660191 330873
-1001153106099 113952
-1001401533331 224567
-1001772352996 6981
-1001401533337 584916
-1001041938696 1921733
-1001388742323 6284
-1001481906009 48420
-1001220007365 195148
-1001388742323 6301
-1001041938696 1921749
-1001264014377 584924
-1001388742323 6321
-1001388742323 6322
-1001041938696 1921756
-1001041938696 1921758
-1001041938696 1921773
-1001772352996 7030
-1001041938696 1921780
-1001181257805 496931
-1001484736823 119076
-1001572887725 9998
-1001484736823 119085
-1001572887725 10002
-1001156012214 103717
-1001088660191 330879
-1001264014377 584927
-1001041938696 1921786
-1001138399875 329955
-1001484736823 119089
-1001199092676 437444
-1001572887725 10013
-1001156012214 103720
-1001460334163 16132
-1001464324325 9663
-1001041938696 1921787
-1001181257805 496938
-1001041938696 1921788
-1001264014377 584928
-1001041938696 1921796
-1001041938696 1921797
-1001181257805 496940
-1001264014377 584955
-1001181257805 496942
-1001401533331 224577
-1001181257805 496943
-1001401533331 224580
-1001130842788 431945
-1001041938696 1921815
-1001438209533 61540
-1001401533331 224594
-1001401533331 224598
-1001388742323 6395
-1001247555941 89564
-1001264014377 584978
-1001264014377 584984
-1001181257805 496954
-1001220007365 195179
-1001220007365 195182
-1001041938696 1921827
-1001281222737 385265
-1001156012214 103744
-1001264014377 584987
-1001377333908 485656
-1001247555941 89585
-1001199092676 437471
-1001199092676 437470
-1001041938696 1921833
-1001041938696 1921834
-1001041938696 1921835
-1001041938696 1921836
-1001041938696 1921837
-1001199092676 437472
-1001199092676 437474
-1001199092676 437473
-1001199092676 437475
-1001181257805 496973
-1001220007365 195202
-1001388742323 6430
-1001481906009 48421
-1001264014377 584991
-1001264014377 584995
-1001401533331 224620
-1001247555941 89597
-1001247555941 89605
-1001401533331 224627
-1001401533331 224630
-1001401533331 224631
-1001181257805 496986
-1001484736823 119095
-1001130842788 431946
-1001264014377 585005
-1001281222737 385267
-1001247555941 89628
-1001264014377 585010
-1001264014377 585011
-1001264014377 585014
-1001199092676 437536
-1001199092676 437539
-1001181257805 497001
-1001481906009 48422
-1001460334163 16141
-1001388742323 6455
-1001281222737 385271
-1001260031641 169357
-1001247555941 89644
-1001199092676 437540
-1001153106099 113954
-1001138399875 329956
-1001041938696 1921838
-1001640626380 7370
-1001041938696 1921844
-1001247555941 89661
-1001088660191 330894
-1001181257805 497020
-1001640626380 7373
-1001481906009 48424
-1001388742323 6458
-1001220007365 195203
-1001041938696 1921846
-1001041938696 1921845
-1001130842788 431949
-1001130842788 431948
-1001199092676 437541
-1001199092676 437542
-1001281222737 385272
-1001281222737 385273
-1001156012214 103748
-1001156012214 103749
-1001401533331 224634
-1001640626380 7380
-1001181257805 497026
-1001484736823 119096
-1001264014377 585037
-1001264014377 585055
-1001401533331 224635
-1001640626380 7398
-1001264014377 585096
-1001264014377 585100
-1001264014377 585106
-1001401533331 224637
-1001130842788 431950
-1001388742323 6464
-1001130842788 431951
-1001041938696 1921852
-1001401533331 224638
-1001264014377 585134
-1001401533331 224646
-1001640626380 7417
-1001640626380 7418
-1001640626380 7422
-1001640626380 7484
-1001041938696 1921855
-1001464324325 9664
-1001199092676 437546
-1001199092676 437547
-1001199092676 437549
-1001401533331 224654
-1001460334163 16154
-1001401533331 224655
-1001640626380 7522
-1001640626380 7523
-1001640626380 7531
-1001130842788 431954
-1001484736823 119099
-1001484736823 119100
-1001181257805 497063
-1001220007365 195219
-1001041938696 1921923
-1001041938696 1921925
-1001181257805 497069
-1001264014377 585143
-1001181257805 497071
-1001220007365 195228
-1001041938696 1921928
-1001181257805 497072
-1001401533331 224660
-1001401533331 224661
-1001401533331 224662
-1001484736823 119109
-1001484736823 119123
-1001484736823 119131
-1001484736823 119134
-1001484736823 119138
-1001742331684 6522
-1001181257805 497074
-1001264014377 585145
-1001041938696 1921941
-1001041938696 1921943
-1001041938696 1921952
-1001041938696 1921967
-1001041938696 1922001
-1001181257805 497076
-1001041938696 1922024
-1001130842788 431958
-1001260031641 169358
-1001181257805 497077
-1001264014377 585151
-1001377333908 485669
-1001401533331 224673
-1001181257805 497081
-1001041938696 1922049
-1001041938696 1922050
-1001264014377 585152
-1001041938696 1922057
-1001181257805 497083
-1001264014377 585153
-1001041938696 1922062
-1001156012214 103755
-1001130842788 431959
-1001281222737 385276
-1001199092676 437554
-1001156012214 103756
-1001041938696 1922067
-1001156012214 103767
-1001181257805 497089
-1001401533331 224674
-1001041938696 1922144
-1001181257805 497092
-1001181257805 497093
-1001181257805 497096
-1001199092676 437556
-1001640626380 7549
-1001041938696 1922231
-1001181257805 497099
-1001041938696 1922265
-1001041938696 1922328
-1001041938696 1922346
-1001181257805 497100
-1001041938696 1922355
-1001772352996 7061
-1001041938696 1922403
-1001041938696 1922409
-1001041938696 1922421
-1001264014377 585155
-1001138399875 329958
-1001401533331 224675
-1001247555941 89696
-1001041938696 1922474
-1001041938696 1922476
-1001247555941 89701
-1001041938696 1922480
-1001041938696 1922487
-1001041938696 1922497
-1001181257805 497101
-1001041938696 1922543
-1001264014377 585156
-1001388742323 6529
-1001199092676 437558
-1001572887725 10018
-1001401533331 224676
-1001041938696 1922628
-1001041938696 1922629
-1001041938696 1922630
-1001041938696 1922631
-1001041938696 1922632
-1001260031641 169366
-1001260031641 169368
-1001260031641 169369
-1001260031641 169370
-1001199092676 437559
-1001199092676 437560
-1001199092676 437561
-1001199092676 437562
-1001199092676 437563
-1001460334163 16156
-1001460334163 16157
-1001460334163 16158
-1001460334163 16160
-1001460334163 16159
-1001041938696 1922647
-1001041938696 1922652
-1001041938696 1922657
-1001153106099 113960
-1001460334163 16162
-1001199092676 437565
-1001260031641 169372
-1001264014377 585159
-1001464324325 9668
-1001464324325 9669
-1001041938696 1922675
-1001041938696 1922677
-1001041938696 1922689
-1001247555941 89712
-1001041938696 1922696
-1001247555941 89713
-1001247555941 89714
-1001220007365 195239
-1001181257805 497111
-1001041938696 1922725
-1001041938696 1922735
-1001181257805 497118
-1001041938696 1922752
-1001041938696 1922755
-1001041938696 1922762
-1001041938696 1922773
-1001041938696 1922782
-1001181257805 497131
-1001153106099 113962
-1001264014377 585161
-1001264014377 585160
-1001264014377 585163
-1001264014377 585164
-1001041938696 1921943
-1001220007365 195244
-1001220007365 195245
-1001264014377 585170
-1001181257805 497133
-1001041938696 1922797
-1001572887725 10023
-1001153106099 113972
-1001199092676 437569
-1001199092676 437575
-1001388742323 6546
-1001388742323 6558
-1001388742323 6584
-1001484736823 119145
-1001041938696 1922828
-1001484736823 119147
-1001388742323 6613
-1001199092676 437592
-1001388742323 6644
-1001041938696 1922861
-1001465858319 4346
-1001199092676 437603
-1001041938696 1922870
-1001130842788 431966
-1001041938696 1922874
-1001041938696 1922876
-1001199092676 437625
-1001199092676 437626
-1001041938696 1922878
-1001484736823 119151
-1001199092676 437647
-1001199092676 437658
-1001199092676 437662
-1001264014377 585181
-1001199092676 437667
-1001199092676 437672
-1001199092676 437673
-1001484736823 119156
-1001199092676 437674
-1001388742323 6655
-1001199092676 437676
-1001199092676 437678
-1001199092676 437681
-1001181257805 497138
-1001041938696 1922882
-1001199092676 437683
-1001041938696 1922884
-1001388742323 6659
-1001199092676 437694
-1001199092676 437697
-1001199092676 437700
-1001199092676 437702
-1001199092676 437703
-1001166839324 333925
-1001388742323 6666
-1001041938696 1922894
-1001199092676 437706
-1001199092676 437707
-1001199092676 437711
-1001377333908 485672
-1001572887725 10032
-1001481906009 48425
-1001460334163 16165
-1001388742323 6669
-1001260031641 169374
-1001247555941 89722
-1001220007365 195252
-1001199092676 437717
-1001153106099 113991
-1001138399875 329964
-1001130842788 431967
-1001181257805 497140
-1001166839324 333929
-1001199092676 437721
-1001041938696 1922903
-1001401533331 224701
-1001401533331 224702
-1001401533331 224703
-1001181257805 497141
-1001181257805 497145
-1001401533331 224711
-1001460334163 16180
-1001260031641 169375
-1001199092676 437729
-1001153106099 113992
-1001156012214 103805
-1001041938696 1922923
-1001401533331 224714
-1001388742323 6690
-1001041938696 1922926
-1001260031641 169377
-1001041938696 1922930
-1001264014377 585183
-1001388742323 6697
-1001388742323 6703
-1001465858319 4348
-1001281222737 385279
-1001465858319 4349
-1001041938696 1922939
-1001181257805 497165
-1001260031641 169419
-1001401533331 224726
-1001264014377 585185
-1001264014377 585186
-1001264014377 585187
-1001264014377 585188
-1001130842788 431994
-1001181257805 497166
-1001199092676 437738
-1001199092676 437739
-1001264014377 585191
-1001640626380 7582
-1001181257805 497173
-1001401533331 224742
-1001401533331 224743
-1001181257805 497177
-1001153106099 114002
-1001401533331 224747
-1001181257805 497184
-1001742331684 6525
-1001264014377 585204
-1001166839324 333948
-1001484736823 119162
-1001041938696 1922978
-1001460334163 16181
-1001260031641 169439
-1001200487146 45781
-1001156012214 103806
-1001153106099 114027
-1001041938696 1922979
-1001264014377 585231
-1001088660191 330916
-1001041938696 1922981
-1001264014377 585233
-1001041938696 1922992
-1001041938696 1923007
-1001041938696 1923023
-1001388742323 6737
-1001166839324 333964
-1001041938696 1923100
-1001041938696 1923102
-1001041938696 1923117
-1001166839324 333966
-1001181257805 497198
-1001153106099 114028
-1001153106099 114029
-1001041938696 1923134
-1001199092676 437768
-1001199092676 437769
-1001199092676 437770
-1001041938696 1923140
-1001401533331 224754
-1001041938696 1923143
-1001199092676 437775
-1001199092676 437777
-1001041938696 1923264
-1001153106099 114034
-1001041938696 1923287
-1001281222737 385294
-1001377333908 485674
-1001377333908 485677
-1001377333908 485686
-1001181257805 497210
-1001041938696 1923304
-1001130842788 432016
-1001181257805 497211
-1001264014377 585235
-1001264014377 585271
-1001484736823 119196
-1001264014377 585272
-1001484736823 119202
-1001484736823 119214
-1001181257805 497214
-1001484736823 119215
-1001264014377 585276
-1001153106099 114041
-1001153106099 114040
-1001153106099 114042
-1001153106099 114044
-1001153106099 114043
-1001153106099 114046
-1001153106099 114045
-1001153106099 114047
-1001264014377 585280
-1001484736823 119221
-1001640626380 7610
-1001484736823 119231
-1001484736823 119232
-1001484736823 119233
-1001484736823 119236
-1001484736823 119237
-1001041938696 1923321
-1001260031641 169447
-1001640626380 7633
-1001281222737 385317
-1001281222737 385318
-1001460334163 16188
-1001460334163 16191
-1001484736823 119248
-1001460334163 16193
-1001181257805 497218
-1001264014377 585303
-1001281222737 385319
-1001388742323 6746
-1001388742323 6756
-1001181257805 497219
-1001264014377 585361
-1001484736823 119252
-1001388742323 6764
-1001484736823 119254
-1001041938696 1923347
-1001401533331 224845
-1001388742323 6837
-1001130842788 432017
-1001484736823 119255
-1001401533331 224846
-1001181257805 497221
-1001264014377 585362
-1001264014377 585366
-1001130842788 432018
-1001041938696 1923385
-1001772352996 7077
-1001460334163 16194
-1001772352996 7079
-1001153106099 114053
-1001153106099 114052
-1001041938696 1923390
-1001041938696 1923391
-1001742331684 6537
-1001742331684 6538
-1001264014377 585371
-1001264014377 585372
-1001247555941 89728
-1001247555941 89729
-1001181257805 497233
-1001156012214 103814
-1001220007365 195294
-1001401533331 224852
-1001401533331 224853
-1001401533331 224855
-1001388742323 6944
-1001088660191 330917
-1001401533331 224856
-1001181257805 497234
-1001247555941 89731
-1001181257805 497236
-1001041938696 1923397
-1001401533331 224861
-1001388742323 6948
-1001181257805 497238
-1001388742323 6955
-1001088660191 330918
-1001220007365 195428
-1001401533331 224864
-1001401533331 224865
-1001220007365 195454
-1001220007365 195455
-1001220007365 195456
-1001377333908 485688
