-1001282965211 0
-1001500105128 0
-1001130842788 1
-1001166839324 0
-1001041938696 0
-1001401533331 0
-1001181257805 1
-1001269001974 0
-696538702 0
-1001161224182 0
-1001539189053 0
-1001220007365 0
-1001469401882 0
-1001772352996 0
-1001778741565 0
-1001281222737 1
-1001503214499 0
-1001870320557 0
-1001894279984 1
-1001264014377 1
-1001088660191 0
-1001879413020 0
-1001247555941 1
-1001347569168 0
-1001138399875 1
-1001438209533 0
-1001199092676 1
-1001778029160 0
-1001655612489 0
-1001611078878 0
-1001088647322 2
-1001260031641 0
-1001478086828 0
-1001100719137 1
-1001682660451 0
-1001559406838 1
-1001484791363 0
-1001404164993 1
-1001205302978 0
-1001496551176 0
-1001488538386 0
-1001484736823 0
-1001591803789 0
-1001767267956 0
-1001668999710 0
-1001855164508 1
-1001153106099 0
-1001897730184 0
-1001460334163 0
-1001464324325 0
-1001729748577 0
-1001839795872 0
-1001465858319 0
-1001881023300 0
-1001742331684 0
-1001329551272 0
-1001655621553 0
-1001388742323 0
-1001448466555 0
-1001823701667 0
-1001381303367 0
-1001599980643 0
-1001409364537 0
-1001335290173 0
-1001310146864 0
-1001228750429 0
-1001415339158 1
-1001456130568 0
